915
916
917
919
920
921
923
925
926
928
929
933
947
950
954
956
957
958
959
960
963
964
967
973
974
976
977
980
983
986
987
988
990
991
992
994
995
998
999
1002
1007
1008
1009
1010
1012
1017
1018
1019
1021
1022
1024
1031
1032
1033
1034
1035
1037
1042
1044
1045
1058
1075
1078
1079
1083
1087
1091
1098
1100
1111
1114
1116
1117
1118
1119
1120
1121
1122
1123
1124
1125
1129
1130
1131
1132
1138
1144
1148
1149
1151
1152
1153
1154
1155
1156
1157
1158
1159
1160
1161
1162
1163
1164
1165
1166
1167
1168
1169
1170
1171
1172
1173
1174
1175
1176
1177
1178
