122
161
162
163
164
165
166
167
169
171
173
174
175
176
177
178
179
180
181
182
183
184
185
186
187
190
191
192
193
199
201
202
205
206
207
209
210
211
214
215
216
217
220
221
222
223
224
225
226
227
230
231
232
235
237
240
241
246
254
255
256
260
261
262
265
270
271
272
278
279
280
281
282
284
286
287
290
291
292
293
294
296
297
300
301
302
305
308
309
310
311
314
315
320
322
323
327
328
333
334
335
336
337
338
339
342
343
344
345
353
356
360
362
363
365
367
368
369
372
374
378
380
381
382
384
388
391
393
394
395
400
401
403
404
405
407
408
411
415
419
420
423
425
426
429
430
431
432
433
435
436
437
438
439
440
441
443
444
445
446
447
448
449
450
451
452
453
456
459
460
461
462
464
465
466
467
468
471
472
473
474
475
476
478
481
482
483
484
485
487
489
490
491
492
493
496
497
498
500
501
502
504
505
506
507
511
512
514
515
518
519
521
523
524
525
526
527
528
529
530
531
532
533
534
535
537
538
539
540
542
543
544
545
546
547
548
549
550
551
552
553
554
555
556
557
558
559
560
561
563
565
568
569
570
571
572
573
574
575
576
577
578
579
580
581
582
583
584
585
586
588
589
593
594
595
596
597
599
600
601
602
603
604
605
606
607
608
609
610
611
612
613
614
615
616
618
619
620
621
622
625
626
627
628
629
630
631
632
633
634
635
636
637
638
639
640
641
642
643
644
646
648
649
650
651
652
653
654
655
656
657
658
660
661
662
663
664
665
666
667
668
669
670
671
673
674
675
676
679
682
683
684
685
687
688
690
691
692
693
696
698
700
701
702
703
704
706
708
709
710
711
712
713
714
715
716
717
718
719
720
721
722
724
725
726
729
731
732
734
735
736
737
738
739
740
742
743
744
745
746
747
748
750
751
752
753
754
755
756
758
759
760
761
762
763
764
765
766
767
768
769
771
772
773
774
775
776
777
778
780
781
782
783
784
785
787
788
789
790
791
792
793
794
795
796
797
798
799
800
801
802
803
804
805
806
807
808
809
810
811
812
813
814
815
816
818
819
820
821
823
824
827
829
831
832
833
834
836
837
838
839
840
841
842
843
844
848
852
854
856
857
858
860
861
862
863
864
865
866
867
869
870
871
872
874
875
876
877
878
879
880
882
883
884
886
890
891
892
894
895
896
898
900
901
902
903
904
905
907
908
909
910
911
914
915
916
917
919
920
921
922
923
924
925
926
927
928
929
933
934
935
937
941
947
948
950
953
954
955
956
957
958
959
960
962
963
964
966
967
969
970
973
974
976
977
980
981
983
984
986
987
988
989
990
991
992
993
994
995
997
998
999
1000
1001
1002
1005
1006
1007
1008
1009
1010
1011
1012
1013
1014
1015
1016
1017
1018
1019
1020
1021
1022
1023
1024
1025
1026
1027
1028
1029
1030
1031
1032
1033
1034
1035
1036
1037
1039
1040
1042
1044
1045
1046
1047
1048
1049
1050
1053
1057
1058
1066
1069
1070
1075
1076
1078
1079
1081
1082
1083
1086
1087
1088
1089
1090
1091
1096
1098
1099
1100
1103
1109
1110
1111
1112
1113
1114
1115
1116
1117
1118
1119
1120
1121
1122
1123
1124
1125
1126
1127
1128
1129
1130
1131
1132
1133
1134
1136
1138
1140
1141
1142
1143
1144
1145
1146
1147
1148
1149
1150
1151
1152
1153
1154
1155
1156
1157
1158
1159
1160
1161
1162
1163
1164
1165
1166
1167
1168
1169
1170
1171
1172
1173
1174
1175
1176
1177
1178
1179
